1825528
1825528
1825528
1825528
1825528
1825528
1825528
1825528
1825528
1825528
1825528
1825528
1825528
1825528
1825528
1825528
1825528
1825528
1825528
1825528
1825528
1825528
1825528
1825528
1825528
1825528
1825528
1825528
1825528
1825528
1825528
1825528
1825528
1825528
1825528
1825528
1825528
1825528
1825528
1825528
1825528
1825528
1825528
1825528
1825528
1825528
1825528
1825528
1825528
1825528
1825528
1825528
1825528
1825528
1825528
1825528
1825528
1825528
1825528
1825528
1825528
1825528
1825528
1825528
1825528
1825528
1825528
1825528
1825528
1825528
1825528
1825528
1825528
1825528
1825528
1825528
1825528
1825528
1825528
1825528
1825528
1825528
1825528
1825528
1825528
1825528
1825528
1825528
1825528
1825528
1825528
1825528
1825528
1825528
1825528
1825528
1825528
1825528
1825528
1825528
1825528
1825528
1825528
1825528
1825528
1825528
1825528
1825528
1825528
1825528
1825528
1825528
1825528
1825528
1825528
1825528
1825528
1825528
1825528
1825528
1825528
1825528
1825528
1825528
1825528
1825528
1825528
1825528
1825528
1825528
1825528
1825528
1825528
1826594
1826594
1826594
1826594
1826594
1826594
1826594
1826594
1826594
1826594
1826594
1826594
1826594
1826594
1803759
1826594
